16 20 30 26 
-0.323155 -0.775793 -0.112649 -0.536338 -0.126835 -0.22953 -0.411443 -0.426459 -0.188334 -0.235313 0.0954097 -0.28021 0.0948136 -0.218602 -0.343173 -0.526714 
-0.137431 0.261684 -0.187168 -0.534473 -0.154548 -0.104313 -0.403058 0.0100736 -0.178925 -0.0026333 -0.0369361 -0.135891 -0.0147477 0.171649 0.0753824 -0.149854 
0.145733 -0.108477 -0.245853 -0.0413931 0.117495 -0.201423 -0.145811 0.156603 -0.361863 -0.210772 -0.139741 -0.124943 0.244226 -0.0805122 -0.136782 -0.209667 
-0.121392 -0.319265 -0.197624 0.159428 0.22094 -0.265114 -0.19435 0.313914 0.0317478 -0.0323809 0.283635 -0.398728 0.113591 -0.00282945 0.10312 -0.239509 
0.221328 0.0994781 -0.29121 -0.0304988 0.187076 -0.0571337 -0.105099 -0.208747 -0.0364769 -0.230155 0.131998 -0.0287066 0.0205469 -0.0255665 0.00422788 0.215672 
-0.222915 -0.0923617 -0.00627292 -0.180089 -0.124832 -0.361744 -0.22964 -0.568893 -0.0505923 -0.392366 0.00448953 -0.0877807 -0.232487 -0.266564 0.187089 -0.363272 
0.155163 -0.571315 0.269063 -0.0528863 -0.098936 -0.0823947 -0.116038 0.320621 0.183026 0.0982333 -0.248243 0.112288 0.110409 -0.0274273 -0.185092 -0.197793 
-0.133043 0.264206 -0.0465219 0.329885 -0.0425314 -0.0901627 -0.172413 0.10588 0.357 -0.0189176 0.118147 0.126241 -0.423544 0.142145 0.325646 -0.286305 
0.29154 0.0268224 6.97441e-005 -0.101401 -0.390111 0.0157024 0.409667 0.106684 -0.462349 -0.309979 -0.4857 -0.296838 -0.0370105 -0.150366 0.175213 0.0786936 
0.362727 -0.124677 -0.305682 0.00620621 0.00362836 -0.646815 -0.0756651 0.185881 0.302479 -0.312723 0.118272 0.0967085 0.0550244 0.0880976 -0.0296509 -0.184638 
-0.293993 0.0455438 0.289116 0.175223 -0.16564 -0.28412 -0.12974 -0.0621617 -0.0992092 -0.166047 0.449329 -0.498945 0.0508207 -0.0532586 -0.361391 0.166489 
-0.00215853 -0.0981707 0.0511738 0.33718 -0.0369902 -0.0447945 -0.189632 0.0578555 -0.0990166 -0.315362 0.048954 0.0747437 0.396361 -0.115311 0.0465081 -0.287552 
-0.0681718 -0.280199 0.158024 0.0753801 -0.164056 0.130365 0.133211 0.134555 -0.0500083 -0.0108637 0.113218 -0.263213 -0.264694 -0.15992 -0.103184 -0.0955702 
0.0797134 0.0158589 -0.0337431 -0.0226804 -0.0236813 -0.0388504 -0.207 -0.0197215 -0.201491 0.0533279 -0.0999514 -0.203749 0.176245 -0.430843 0.109293 0.15506 
-0.0364225 0.114943 -0.315524 -0.0546145 -0.335471 -0.125137 0.0288853 -0.298562 0.0835848 0.143668 -0.153444 -0.446859 -0.208179 0.109475 -0.326861 0.227186 
0.25352 0.00732357 0.22432 -0.290379 -0.303719 0.020977 0.0518813 -0.103281 -0.143868 -0.281768 -0.0356796 -0.312786 0.0165724 -0.0847474 0.0860611 -0.401514 
0.0434752 -0.0925374 0.0888826 -0.044999 0.0552454 0.126891 -0.287881 -0.133669 0.102875 0.0494617 -0.208485 -0.356675 -0.0717602 -0.26858 -0.169055 -0.117333 
-0.32659 -0.251494 -0.414409 -0.0497445 -0.144871 -0.0929589 -0.261297 -0.240835 0.158197 0.289221 0.0609975 0.217751 -0.0452947 0.352548 -0.155871 -0.813744 
-0.0367496 -0.175508 0.358163 0.143014 -0.0593207 0.101753 -0.108159 0.389016 -0.256469 -0.0846081 0.0197897 -0.569608 0.0391409 -0.398391 0.138299 -0.219703 
0.106928 0.037164 0.0746339 -0.138986 0.244092 -0.147261 0.158567 -0.366699 0.281104 -0.00752216 -0.0432332 -0.0419601 -0.241057 -0.379354 -0.10167 0.0349705 
-0.0460976 
0 
-0.018587 
0 
-0.0015846 
-0.0400373 
0 
-0.003632 
-0.0115406 
-0.0129215 
0 
0 
-0.00445843 
-0.00700361 
0 
0 
-0.0177844 
-0.0275917 
-0.0202445 
0 
-0.391563 0.0355707 0.121077 0.0707457 0.0239039 -0.0552863 -0.0334858 -0.0499162 -0.0968012 0.0341063 0.351867 -0.167589 0.114081 0.112158 -0.00655981 0.192259 0.192112 -0.454189 -0.143517 -0.162461 
-0.289269 0.282667 -0.015746 -0.741062 -0.0333035 -0.152215 0.0662003 -0.225999 -0.360755 0.0950381 -0.215602 0.0614693 -0.0927282 0.249603 0.437338 -0.0603677 -0.129887 0.158802 -0.234366 -0.0834976 
-0.250141 0.223258 0.147345 0.0358005 -0.345307 0.024202 0.0858612 0.270914 -0.240285 -0.0167533 0.217809 0.122593 -0.198793 -0.234207 -0.187709 0.153438 -0.131434 -0.00600109 -0.383551 0.327763 
-0.189454 -0.273311 -0.195737 0.473798 0.205932 0.054245 0.0211074 -0.279317 0.156132 0.0913851 0.24532 0.27424 -0.396663 0.0783485 -0.340684 -0.0879117 0.087199 -0.405775 -0.292513 0.111818 
0.0782165 -0.0842987 0.249284 0.216508 -0.10252 0.224811 -0.0954566 -0.0604348 -0.189975 -0.142972 0.0415382 0.175244 0.129324 0.357537 -0.275547 -0.0607985 -0.232002 -0.304404 0.0591753 -0.00560933 
0.0755357 -0.133965 0.0135638 0.105025 0.00109209 -0.24624 -0.207882 -0.0126978 -0.215233 0.27204 0.193954 0.0823635 -0.0562717 -0.158879 0.120879 0.32725 -0.0623335 -0.105573 0.134345 0.0663943 
0.158956 -0.203999 -0.121294 0.180456 -0.138629 0.1127 -0.0713591 0.344757 -0.0316086 0.0165134 -0.125034 0.127961 0.132188 -0.0366976 -0.309722 0.251293 0.147169 -0.152821 -0.221712 0.309584 
0.124901 -0.0502904 0.180559 -0.0736007 0.184345 -0.396354 0.0695575 0.0936974 -0.395509 -0.221474 0.0348714 0.0597565 0.100382 0.265105 -0.152195 -0.0754275 -0.0926197 0.139019 0.071366 -0.217411 
-0.0803085 -0.102773 -0.116858 0.0259743 0.0997346 -0.291042 -0.0578382 -0.301723 0.00471941 0.14365 0.0622601 0.204472 0.298224 0.256121 -0.202883 0.0322662 0.0262308 -0.223862 -0.0595689 0.167599 
0.091102 -0.0510107 0.369572 -0.0977257 -0.477783 -0.154289 0.30484 -0.568434 -0.16123 0.303845 -0.127792 -0.314862 0.166502 0.278415 -0.402162 -0.0172713 -0.062708 -0.204153 -0.22531 -0.112444 
-0.298235 0.0404242 0.336446 0.0623988 -0.0834618 -0.0756942 0.522004 0.147274 0.149748 0.149391 0.238399 -0.164022 0.242472 -0.45877 0.299902 0.301417 -0.136554 -0.295204 -0.223367 -0.244468 
-0.0134927 0.273934 -0.0321193 -0.162254 0.136738 -0.373428 -0.141482 0.00880058 0.0247305 -0.19622 0.236678 0.0336931 -0.0992811 -0.156094 -0.129404 0.0289991 -0.00615464 0.512411 -0.270272 -0.0620376 
0.0478961 0.228985 -0.166639 0.101981 0.104833 -0.140617 -0.569369 0.505504 -0.000159396 -0.0828029 0.164077 0.0652472 0.0237902 -0.194644 0.0243742 0.198666 0.129373 -0.0363488 0.350287 0.0616706 
-0.0941188 -0.225584 -0.0593752 0.0928652 0.0997214 0.162419 -0.178574 0.0144964 -0.13911 0.188335 0.143223 0.252878 -0.0308609 -0.238181 -0.0622392 -0.231028 -0.237929 -0.273122 0.221065 -0.278098 
-0.335268 -0.0120369 -0.169035 -0.161437 0.231755 0.0324441 0.180583 0.0473392 0.275221 -0.140075 0.133541 0.251042 -0.0362132 0.0747339 0.116995 -0.136921 -0.0185867 -0.0697821 0.0799948 -0.253195 
0.33628 0.0533351 0.129507 0.0703635 -0.000570222 0.0353572 0.166381 0.227949 -0.107814 -0.14013 -0.0389342 0.158863 0.0218566 0.18189 -0.17444 -0.1564 -0.114184 -0.392703 0.202855 0.106195 
0.177483 0.055751 -0.101713 0.290962 0.203093 0.249348 -0.190417 -0.199218 -0.0195409 0.0662194 0.0891479 0.258721 -0.275335 -0.336732 0.359479 0.10676 -0.282854 -0.314357 0.0612335 -0.0878286 
0.113974 -0.222126 -0.0375993 -0.132681 -0.300904 -0.00715291 0.157742 -0.0590798 0.0668959 0.00085396 -0.219492 0.047151 -0.169968 -6.7121e-005 -0.0854112 -0.222811 -0.100302 -0.132349 -0.134127 0.156675 
0.0827086 0.575025 -0.212189 -0.355283 0.0267746 0.130038 0.252285 -0.122666 -0.098174 0.18419 0.0487684 -0.112113 -0.100606 -0.092129 0.0637107 -0.0518379 -0.169056 -0.393884 0.084788 0.010244 
-0.0179924 0.00677007 0.0584634 0.187703 -0.263294 0.276037 -0.143671 -0.448891 -0.135092 0.319489 -0.517393 -0.187773 0.407211 -0.10503 0.380183 0.141315 -0.242715 0.322648 -0.162557 -0.160916 
-0.104362 0.340859 -0.0896962 0.0462492 -0.0536247 0.268407 0.252967 -0.0587751 0.247317 -0.133422 0.423634 -0.141464 -0.176802 0.17109 0.103921 -0.115438 0.139468 -0.304682 -0.0103503 -0.0763182 
-0.102776 0.304124 -0.337894 -0.238962 0.106826 -0.0418593 -0.016499 0.255709 -0.109985 0.420032 0.0230474 0.0048872 -0.223172 0.132536 -0.170655 0.0871303 -0.132102 0.328585 0.149198 -0.167136 
0.0387884 -0.0896796 -0.211878 -0.175482 0.0823028 0.119183 0.347245 -0.112537 -0.201782 -0.0637134 -0.308867 -0.0770333 0.140938 0.396475 -0.415094 -0.0762363 -0.169025 -0.140304 -0.0244399 0.0789871 
-0.0369212 -0.266411 -0.183675 0.156346 0.13348 -0.108612 -0.443113 -0.0385734 -0.100798 -0.178008 0.237599 0.0661682 0.0781972 -0.274879 -0.094626 -0.169583 -0.0710882 -0.137185 -0.165644 0.0948249 
0.263676 0.125319 -0.307413 -0.0299298 0.38581 0.0852809 0.0167445 0.203464 0.468386 -0.191132 -0.175714 0.256085 -0.231356 -0.0622336 0.192365 -0.0960931 -0.203868 -0.30951 -0.3073 0.116625 
-0.206463 0.287418 0.0389495 -0.0445882 0.341073 0.0499194 0.359573 0.0496597 0.191954 0.165049 -0.235467 -0.0878782 0.217673 -0.213003 -0.266245 -0.00808453 0.0285957 -0.341119 0.238405 -0.233967 
0.231916 0.0730006 -0.115323 -0.0568862 0.130828 0.110652 0.00418572 -0.0193104 -0.223433 -0.235217 0.117782 0.156156 -0.0775905 -0.156278 0.185015 0.0568074 0.226534 -0.142022 -0.12216 0.0364068 
-0.343548 0.187117 -0.132509 -0.0968348 -0.0742773 0.0372696 -0.114777 -0.137537 -0.110346 -0.217882 0.110078 0.0416231 0.123202 0.233173 -0.113984 -0.149674 -0.00303463 -0.0886901 -0.050488 0.0605026 
0.0496359 -0.109183 -0.266787 0.0365171 -0.064207 0.0779694 0.269176 -0.228797 -0.383665 0.313276 -0.199392 -0.234391 0.103326 0.0280642 -0.129355 0.198268 -0.0938885 -0.074547 -0.000207341 -0.280464 
0.343706 0.171369 -0.0829277 -0.0883271 -0.0343125 0.0445383 0.110942 -0.191602 0.0251346 0.111029 0.160745 0.245718 -0.263541 0.00227722 -0.0664497 -0.339774 0.492112 -0.26758 -0.243385 0.251038 
-0.0255011 
-0.0237359 
0.0128805 
-0.00137395 
-0.0146074 
-0.0215964 
-0.011104 
-0.00080044 
-0.0014251 
-0.00745823 
-0.0117803 
0.0438843 
0.00612159 
-0.00426672 
0.00863093 
0.0134258 
-0.0518217 
0.00102215 
-0.012532 
0.0311151 
-0.0233328 
0.0644502 
-0.0309905 
-0.00987414 
-0.0329424 
-0.0102284 
-0.00532748 
0.017235 
-0.0165167 
-0.025552 
0.0277732 0.0370617 -0.203681 -0.0666814 0.120925 0.316069 -0.0123552 0.11923 0.0698617 -0.190264 -0.257809 0.259284 -0.149019 -0.0104725 -0.0451631 -0.213183 0.275092 -0.319132 -0.067181 0.132182 -0.157979 0.0672017 0.156154 -0.0470986 0.104644 0.261246 0.037743 0.274054 -0.227505 0.489331 
0.0526928 -0.181785 -0.213102 0.179281 -0.153526 -0.0926799 -0.327797 0.284124 0.113193 0.212434 -0.11749 -0.0927158 0.0415329 0.0547268 -0.0689078 -0.0837452 0.181298 0.201357 0.269209 0.0338107 -0.0922682 0.058054 -0.144015 -0.105526 0.171431 0.0345238 -0.0483151 0.295069 -0.037835 0.0913261 
0.269151 -0.219735 0.0927445 0.0719168 0.350346 -0.191111 -0.111847 0.325422 -0.152168 0.17173 0.0157777 -0.168917 -0.205784 -0.087149 0.191229 0.164864 -0.00737072 -0.0824039 -0.0169463 -0.149865 -0.29322 -0.138165 -0.0956018 0.0845549 -0.0386677 0.265758 -0.326789 -0.196483 -0.000170446 0.133394 
-0.736633 0.23081 0.106337 -0.0556181 -0.339869 0.036855 0.0781054 0.115094 0.185135 0.345588 -0.432672 0.0762415 -0.107507 0.00531899 0.0355559 -0.181425 0.219988 0.0972136 -0.273032 0.198139 0.213827 0.217604 0.067573 0.0218527 -0.0204454 -0.113955 -0.109458 -0.152381 -0.183341 0.530474 
0.183872 0.0583902 -0.334832 0.171131 -0.121587 0.118659 -0.17875 -0.204059 0.209495 0.346158 -0.284319 -0.0707434 -0.0533095 0.078213 -0.0693414 -0.093162 0.0247244 -0.163641 -0.203776 0.100355 -0.308199 0.169415 -0.196106 -0.077531 0.220868 0.00880446 -0.0528185 0.15525 0.128966 -0.00711579 
0.0712693 -0.230212 0.0530133 0.197637 -0.447208 0.089981 -0.374421 0.0210147 -0.257436 0.0625448 0.0526848 0.302604 0.262459 -0.0169258 -0.176821 0.240326 0.115508 -0.11699 -0.143519 -0.158136 -0.445052 0.0436352 -0.0761435 -0.346003 0.149387 -0.00271313 -0.337998 -0.0796605 0.0692296 -0.366036 
-0.212703 0.103471 -0.314303 0.290804 0.351262 -0.0437903 -0.0348482 0.149423 -0.123846 -0.0832871 -0.0127527 -0.154628 -0.131151 0.0855667 -0.0338126 0.0600537 0.0326932 -0.13646 -0.164083 0.296933 0.0963155 0.213028 -0.144339 -0.127796 0.106717 0.16215 0.078085 0.161866 0.0411633 0.42935 
-0.0430422 -0.0386566 0.0363234 -0.247294 -0.245438 0.176917 -0.331455 -0.184461 -0.180078 -0.0381348 -0.273811 -0.47518 0.207293 0.133865 0.327911 -0.385726 0.310912 -0.259222 -0.346484 -0.0980084 0.0403379 -0.0494687 0.311715 -0.160044 0.0456473 -0.128028 -0.0935586 -0.0673166 -0.0269718 0.241354 
-0.150475 0.211244 -0.052302 0.294831 0.0899659 -0.22516 0.0735899 0.455964 -0.0123071 -0.288271 -0.105387 0.347212 0.0863199 0.154011 0.599988 -0.254963 -0.118923 0.0615945 -0.0686275 0.504917 0.27622 0.0861777 -0.185138 -0.248758 -0.200277 0.286523 0.245798 0.396099 0.355573 -0.0827765 
-0.210805 0.138781 0.0835528 0.206821 -0.176281 0.217658 -0.0088117 -0.318162 0.00636885 -0.104021 -0.00912267 -0.430147 -0.0150807 0.301462 -0.00319604 -0.037738 -0.0647742 -0.135277 -0.38067 -0.522561 -0.348181 -0.204771 -0.0306669 0.17203 0.169956 0.0840838 0.0687214 -0.305652 -0.0162283 -0.0883739 
0.256422 -0.176943 -0.122374 0.375734 0.325039 0.0756207 0.17331 0.0524378 0.0706447 0.0838123 0.0626739 -0.635907 -0.104627 6.60468e-005 0.139025 -0.0239937 -0.0665677 0.304643 0.00426393 0.293084 -0.0685163 -0.180858 -0.244853 -0.0871895 0.266635 -0.305842 -0.0471223 -0.276955 0.250987 -0.188748 
0.0518693 -0.144901 -0.122966 -0.103799 -0.149311 0.140859 -0.352681 0.017148 -0.128718 -0.0167526 0.0239295 0.142861 -0.0517966 0.0243665 0.274308 0.140523 -0.0723106 -0.339057 -0.0279693 -0.272108 0.285533 0.0770952 0.0999041 0.17566 0.187979 -0.0727448 0.492636 0.141025 -0.18426 0.104619 
-0.0389325 0.24994 -0.231313 0.198991 0.245731 -0.260432 0.0116383 0.12122 -0.0499086 -0.180674 -0.353815 -0.0364463 -0.0777402 -0.110877 -0.253899 0.39695 -0.082137 -0.0272695 0.257522 -0.00701758 0.0568461 -0.187164 -0.157363 0.102806 0.0284571 -0.12729 0.020442 0.0188985 -0.0717662 -0.0992252 
-0.138179 -0.00572496 0.0774777 0.0228183 0.0749948 0.143221 -0.0936646 -0.20014 -0.0150054 -0.156955 0.180828 0.148058 -0.161227 0.0388511 0.108556 -0.324536 0.205666 0.0441519 0.0548838 0.518145 0.019838 0.316889 -0.0411686 0.163097 0.356627 -0.0515129 0.0937552 0.250353 0.429749 0.211177 
0.113567 0.247243 -0.101217 0.109749 -0.069303 0.108363 -0.0950008 -0.452668 0.0509232 -0.0639222 0.122936 -0.0787766 -0.160348 0.142067 0.157934 0.0240237 0.160471 0.0847568 0.262179 0.00792374 0.438502 0.0238417 -0.0396556 -0.1332 -0.254886 0.27452 0.46393 0.0350857 -0.0282473 0.0643188 
0.00341962 -0.0261151 0.0639435 -0.0839459 -0.292551 -0.0513211 0.266419 -0.0799607 -0.319492 -0.225425 0.112287 -0.108319 -0.355154 -0.102203 0.0428085 -0.45441 0.164094 -0.0932622 -0.459634 0.0961127 0.077706 -0.358102 0.134555 -0.116821 -0.0591727 0.244239 -0.169261 0.142674 0.201267 0.0251542 
-0.109991 0.353442 0.0532614 -0.254138 -0.29283 -0.488719 -0.38647 -0.214132 0.139477 -0.0389462 0.0706784 0.336801 -0.0795952 0.0646447 -0.0718362 0.0938124 -0.022603 0.165012 0.161096 -0.166384 -0.215284 -0.171524 0.448955 0.162382 0.434925 -0.302295 -0.0643504 0.300476 -0.350988 0.0638197 
0.00791645 -0.17905 0.0318989 0.242863 0.102181 -0.0738523 0.0549822 0.14357 0.0032576 0.204479 0.174876 -0.152655 -0.137253 -0.213751 -0.201932 0.0541784 -0.299418 -0.104787 0.0461246 0.000146046 -0.0704615 0.0776342 0.00210217 -0.0463325 0.135528 -0.0854228 -0.0167951 -0.17024 -0.00567616 0.0434696 
-0.185472 0.377185 0.138598 -0.107126 -0.263173 0.0785386 0.107508 0.00380986 -0.0139155 -0.120245 0.141979 -0.210991 0.587054 0.0705397 0.368748 0.0834671 0.204862 -0.0489275 0.117273 0.107217 -0.0757709 0.411116 -0.0285425 0.0954538 0.209862 -0.170048 0.342126 -0.0753645 -0.0410777 -0.228437 
0.29719 0.39464 0.0706154 -0.136036 0.090499 0.0969337 -0.0866898 0.292116 -0.409761 -0.0307692 0.157143 -0.373595 -0.0413229 0.249432 0.161226 -0.239171 0.202341 -0.154497 -0.0160081 0.418327 0.285368 -0.218475 0.0548512 -0.0824354 0.172444 -0.238899 0.0853742 0.122655 0.0400254 0.115501 
-0.0306216 0.0871713 -0.328844 -0.371796 -0.0207454 -0.12297 0.0404964 -0.125039 0.0221083 0.297381 0.190671 0.377658 0.324119 -0.0395661 -0.0357275 -0.0252373 -0.295644 -0.247458 -0.309176 -0.0594826 0.210921 -0.179284 0.0379599 0.311815 0.070676 -0.312298 0.142819 -0.268389 -0.261986 -0.0393538 
0.11101 0.155166 -0.220123 0.0488537 0.0977029 -0.0278562 -0.213142 -0.302165 0.133146 0.213798 -0.170642 0.163114 0.115814 0.0034316 -0.0984862 0.0220925 0.0889696 0.17332 -0.466146 -0.0857762 0.124737 -0.11603 0.0986464 -0.153712 0.0832567 -0.0596063 -0.0565526 -0.160578 0.0965514 0.121347 
0.123584 0.0200618 -0.106637 -0.0596738 -0.346029 0.123111 -0.052439 -0.217061 -0.044387 -0.233966 -0.165023 -0.10613 -0.196517 0.0111472 -0.173868 0.107141 0.135445 0.163599 -0.295133 -0.277687 -0.2537 -0.12088 -0.197573 -0.160011 -0.156349 0.0041707 0.144756 0.0158707 0.175402 -0.117412 
-0.322299 0.209315 0.137991 -0.161301 0.103851 0.158308 0.0320058 0.054617 -0.00632728 -0.076405 0.14533 -0.0018183 0.0802945 -0.0646227 -0.231095 0.260048 -0.281553 0.0364843 -0.133608 0.182609 0.0776509 -0.266464 0.000776379 0.113933 0.0640497 0.0600377 -0.104202 -0.03473 0.337072 -0.477347 
-0.353294 0.0858644 -0.320053 -0.169397 0.244009 -0.137224 3.57618e-005 0.0809551 -0.382602 0.270402 -0.0777262 0.111484 -0.176304 0.120288 -0.0175271 -0.350374 -0.136161 0.047298 -0.0308814 0.207255 0.0295191 -0.172634 -0.345913 -0.0975739 0.370208 -0.187383 -0.209557 0.0840638 0.289305 -0.138421 
-0.019105 -0.0345291 -0.133153 -0.0973308 -0.0962532 0.329977 0.14515 -0.0677021 0.00213611 0.0191926 -0.0912265 -0.279524 0.0751338 -0.0649589 -0.0841996 0.0704105 0.11839 -0.00472952 -0.33817 -0.282862 -0.0581488 -0.510219 -0.244231 0.0738703 0.114684 0.13326 -0.323735 -0.261335 0.128272 0.0256624 
0.111797 
0.165935 
-0.0540155 
0.035777 
-0.0542335 
-0.0377848 
0.115659 
-0.0636398 
0.0817759 
-0.103605 
-0.0561485 
-0.0481216 
0.0627741 
0.0731332 
-0.0479164 
-0.0326374 
-0.0362329 
-0.0483165 
0.0847262 
0.100367 
-0.0320382 
-0.0325226 
-0.0202919 
-0.0497512 
-0.0917373 
-0.0229528 
