16 20 40 26 
0.0462441 0.341405 0.128685 -0.585394 0.0169586 0.108919 0.513794 -0.82883 0.384116 -0.0315465 0.711945 -0.00114405 2.22115 -0.0845642 -0.70777 -0.510042 
0.192041 0.790451 0.0350409 -1.07198 0.178187 -0.17247 -0.273284 -0.292148 -0.592079 0.533732 -0.341697 -0.364667 -0.219556 1.34349 0.557197 -0.309334 
-0.0476213 -0.211148 0.470639 0.453187 0.0564152 -0.00335671 0.0399739 0.04641 -0.656481 0.190187 0.0440834 0.568712 0.956877 0.0106383 -1.6676 0.82408 
-0.526411 -0.577084 -0.41647 0.100889 1.06228 -1.02939 -0.121129 1.85117 0.462153 -0.257797 0.259157 -0.267154 -0.249868 0.431832 0.725014 -0.230361 
0.455031 -0.154535 -0.815629 0.586046 0.405898 0.610434 -0.498993 -0.223697 0.454612 -0.864296 0.870599 -0.909478 -0.078902 1.22275 -0.206589 0.202941 
-0.310321 0.0173847 0.372106 0.41166 -0.887302 0.266117 -1.04004 -1.4313 0.0126359 -0.696232 0.654968 0.758041 -0.105934 0.134097 0.986775 1.00515 
-0.374703 -0.395416 0.522355 0.275022 -0.0586975 0.315235 -0.0308945 0.438496 1.5349 0.0910482 -1.1857 -0.321458 0.32961 -0.241752 -0.949341 0.254233 
-0.00248726 -0.362891 -0.0513519 0.981646 -0.0949633 -0.708476 -0.163065 -0.0990806 -0.00121682 0.827726 0.599869 0.151557 -0.765727 0.548422 0.606671 -0.266027 
0.171627 -0.191794 0.0991496 0.806823 -0.550394 0.0330663 1.32921 0.392603 -1.22179 -0.266302 -1.29676 -0.229546 0.117491 0.288951 0.983152 0.586841 
-0.212107 0.363595 -0.736518 -0.0124217 0.384677 -0.994135 0.233852 1.01821 1.45873 -0.0695914 -0.257511 -0.0567303 -0.684568 -0.0915953 -0.337001 1.30619 
-0.836268 -0.137193 0.258181 0.502942 0.224789 -0.0242679 0.344471 -0.643598 -0.219521 -0.491308 1.66498 -0.967697 0.191807 0.0135484 -1.34158 0.743895 
-0.317417 -0.328789 0.195619 -0.121723 0.943833 0.206902 0.562434 0.136726 -0.610995 -1.54411 -0.176822 1.39777 1.19491 -0.0617128 -0.615114 -0.310968 
0.0073642 -0.222118 0.464797 0.380218 -0.778957 0.635383 0.779593 1.33618 0.613853 0.415988 0.323089 -0.773549 -1.66676 -0.0240119 -0.88711 -0.552132 
-0.508398 -0.0735792 -0.200771 -1.19867 1.55528 0.290783 -0.100811 -0.289166 -0.590643 -0.232459 0.150036 -0.397036 0.475223 -0.312776 0.91286 0.481851 
0.782351 0.552557 0.00390261 0.132632 -1.11637 0.516019 0.697632 -0.273173 -0.319322 0.784231 -0.900798 -0.846653 -0.00656159 0.849588 -1.5176 -0.665637 
0.349914 0.0330812 0.312159 -0.306464 -0.316609 0.0798083 0.102607 -0.059201 -0.104221 -0.293474 0.0158584 -0.339267 0.0664478 -0.0737597 0.189219 -0.437804 
1.00542 0.256974 -0.885974 -0.0261901 -0.71011 0.716824 -0.271703 0.256727 0.524666 1.29768 0.0363679 -1.03892 -0.279666 -0.246979 0.938098 -0.155318 
-0.260549 0.342376 0.196642 0.308288 -0.450607 1.07105 -0.275897 -0.11403 1.08151 0.078016 -0.068467 1.18984 -0.0478027 -0.231927 -0.27571 -1.45378 
-0.742433 -0.0316213 0.50881 -0.0691401 0.624403 1.23987 -0.211685 1.23631 -0.25159 0.509553 0.0410219 -0.968132 0.650635 -0.33837 -0.118857 -0.0875382 
-1.16483 -0.0599146 -0.125681 0.0447768 1.38758 0.484422 0.775675 -1.52571 1.40998 0.163556 -0.25752 -0.483905 -0.439282 0.0195257 0.265752 0.0473317 
0.183951 
-0.156792 
-0.0891907 
0.0526411 
0.216921 
0.0724995 
0.126422 
-0.433886 
0.220755 
-0.264214 
0.117929 
-0.259804 
0.0303495 
0.0153432 
0.282517 
-0.00596514 
-0.294312 
0.316205 
0.248307 
-0.0205104 
0.416131 0.0487715 0.756195 -0.174386 0.275796 -0.0235504 0.339837 -0.397599 -0.132887 0.0550862 0.709644 0.083977 0.864199 0.206553 0.0389838 0.0247077 -0.484189 0.256698 -0.195865 -0.541319 
-0.116629 0.0365383 0.0961774 -0.397656 -0.086833 -0.141758 0.155555 -0.000848197 0.532896 0.286958 0.188471 -0.0439618 0.41769 0.556699 -0.316829 0.248097 0.165682 0.322748 -0.169727 0.455053 
-0.399256 0.168405 -0.264307 -0.437751 0.0155873 -0.0886656 0.242424 -0.408749 1.09393 -1.02581 -0.122756 0.554659 0.207092 -0.50143 0.0296793 0.448616 0.565346 -0.334009 0.411301 -0.226165 
0.0782474 -0.10179 -0.0353311 -0.28843 0.261022 -0.268109 0.101088 0.299641 0.277943 0.158381 -0.0691068 -0.64544 -0.824856 -0.250526 0.211332 0.0806941 0.141887 0.0518207 -0.00165376 0.495485 
-0.097755 0.338404 -0.163304 -0.167092 0.138061 -0.0886649 0.0950282 -0.760146 0.553711 0.431172 0.421127 0.52533 -0.296157 0.107234 0.00800169 0.0735859 0.544761 -0.486256 0.448253 0.121528 
-0.512243 -0.449331 0.238609 0.330845 0.619601 0.805149 -0.404644 0.109418 0.363011 0.0489141 -0.114148 0.201001 0.370465 0.441217 -0.148732 0.36603 -0.671174 -0.269357 0.17455 0.0788257 
0.432005 0.147737 0.0267055 0.360977 -0.784576 0.357899 -0.0306831 0.34431 0.599599 0.358348 0.216571 -0.512951 -0.080759 0.405409 1.2091 0.276872 -0.541527 -0.400725 -0.310816 0.118887 
-0.0910043 -0.34763 0.110747 0.326531 0.638445 0.320404 -1.22404 0.265847 -0.31567 -0.631746 0.137046 0.327793 0.312934 -0.141225 0.548856 0.279686 0.340423 0.225663 0.254432 -0.138901 
-0.577583 0.551155 0.243398 0.588119 -0.215442 -0.545281 0.12198 0.486621 -0.356666 -0.286883 0.717642 -0.162515 0.554396 -0.269866 -0.43145 0.284861 -0.0504813 0.0923946 0.0339498 0.66316 
-0.0684594 0.325742 -0.397623 0.315817 0.16452 -0.621977 -0.192909 -0.280521 0.575744 -0.323369 0.297461 -0.461931 -0.00524229 -0.233181 0.263311 0.211494 -0.175841 0.118177 0.843558 0.485649 
-0.355768 -0.191414 0.541068 -0.0332771 -0.513456 -0.183949 -0.2149 0.263342 0.727534 0.804422 -0.133665 -0.264033 0.40777 0.615972 0.100359 0.104616 -0.0939255 0.0127592 -0.292377 -0.48047 
0.951838 -0.230494 0.469558 0.0347202 0.496312 0.0867596 0.159227 -0.714402 -0.648486 0.171241 -0.00199459 -0.612671 0.113859 0.0562356 -0.516594 -0.398858 -0.0682653 0.223454 -0.537547 0.315535 
0.532202 0.327919 0.876077 -0.207346 -0.231491 0.124494 0.309569 -0.569716 0.474228 -0.571335 -0.278894 -0.680785 -0.0304902 -0.0348969 -0.357746 -0.347454 0.0670006 0.00367646 0.0421009 0.268785 
0.315194 0.286389 -0.507343 0.273787 0.584771 0.644502 0.0314244 0.15569 0.0340408 -1.02216 -0.49605 -0.320487 0.303393 0.495383 0.0668682 0.272687 0.252745 0.623841 -0.362307 0.147137 
0.190997 0.706705 -0.0840579 0.971501 0.187575 0.522471 0.022274 -0.280433 0.137373 -0.709986 1.27349 0.568405 -0.0894555 0.472913 0.0615829 0.52744 0.0483803 0.257248 -0.253833 -0.493395 
0.14301 -0.233112 0.751443 0.126681 0.600344 -0.29993 0.281725 0.00405691 0.804691 0.123686 0.304688 -0.615384 0.834095 0.551998 0.17528 0.0524943 -0.820309 -0.463914 -0.288122 -0.887095 
-0.674617 0.46562 -0.224649 0.656388 -0.043275 0.32024 -0.274007 0.283443 0.286393 -0.10749 0.269455 0.183698 0.688422 0.270393 0.753287 0.31388 0.520792 -0.224464 -0.825517 0.354519 
-0.821415 0.352518 -0.0796503 -0.810124 -0.177704 0.193178 0.422744 -0.124713 -0.641495 0.452531 0.443498 -0.0265403 0.91467 0.358093 0.906587 0.0328478 -0.682004 0.293905 -1.11033 0.308859 
-0.428358 0.272862 0.274994 0.0991679 -0.337142 0.374428 0.347863 0.824726 -0.259117 0.595284 0.0938525 0.319816 0.166429 0.0429137 -0.706532 0.270976 -0.250075 -0.450595 -0.346002 0.660683 
-0.896553 -0.301341 -0.287146 0.375097 0.359222 0.180087 -0.0439925 -0.398848 0.271199 0.545248 -0.138068 0.954052 -0.872348 0.51102 -0.479574 0.0027098 0.712345 -0.166743 -0.0571622 0.161518 
0.265933 -0.344922 0.701186 0.829339 -0.165986 0.613403 0.15874 0.00296567 -0.257854 -0.340609 -0.0803641 0.278706 0.189959 0.0906949 -0.344593 0.0349493 -0.429273 -0.50243 0.54121 0.416581 
0.366897 0.573188 0.290488 0.579205 -0.0194514 -0.356219 -0.46788 -0.504227 -0.658156 0.677095 0.422719 0.670954 -0.0635431 0.201447 0.734493 0.464826 0.0774464 -0.0437433 -0.146456 0.13185 
0.349224 -0.238734 -0.341772 0.26898 -0.0516725 0.156758 0.299007 0.651565 0.316937 0.184388 -0.108744 0.234983 0.0668035 0.344125 -0.235055 0.382662 0.303682 -0.574463 -0.441083 0.250726 
0.337959 -0.304935 0.594844 0.397438 -0.340549 -0.877028 0.314674 -0.129946 -0.795768 0.274928 0.232338 -0.14838 0.494998 0.0262323 0.062405 0.0169725 -0.667596 0.606542 0.228159 0.0958162 
-0.53693 -0.573549 -0.499305 0.205404 0.287433 0.19562 0.0318601 0.0523656 0.2553 0.0431201 -0.115388 0.0421014 0.769175 0.43083 -0.364554 0.134601 0.109311 -0.941995 0.411863 0.775249 
0.195342 0.0293771 0.450246 -0.111881 -0.568782 -0.0695566 0.420015 -0.774802 -0.225632 0.078713 -0.128569 -0.120383 0.178757 0.385181 -0.330787 0.0806748 0.0106031 -0.190746 -0.259081 -0.099318 
-0.876144 -0.225105 0.460608 -0.0712487 0.0546545 0.369487 0.73766 0.394029 0.0800321 -0.344888 0.0736495 0.389156 0.0410678 -1.01077 0.245084 0.438257 0.0806171 0.140073 0.363332 -0.177261 
0.60128 0.546653 -0.308068 0.569901 0.428053 -0.578443 0.0504888 0.26112 -0.106089 -0.290478 0.38351 0.10462 0.229471 -0.0967934 0.091039 0.129831 0.190067 0.212203 -0.152698 -0.470662 
-0.0337 -0.0717361 -0.464188 0.389078 0.169326 -0.387495 -0.777104 0.206506 0.0586427 0.151416 0.445044 0.112665 0.190849 -0.72149 -0.305391 0.32151 0.511298 0.207626 0.360993 0.199386 
0.153758 0.0929417 -0.0689481 0.525697 0.155636 -0.269864 -0.24976 -0.041997 0.239126 -0.164631 0.415063 0.544557 -0.282884 -0.111414 0.59694 -0.15504 -0.778754 -0.689368 -0.095283 -0.494016 
-0.378376 0.479443 -0.541924 -0.126824 0.759809 0.375685 0.499194 -0.0431976 0.585282 0.201517 -0.029825 0.103697 0.226397 0.185164 0.41014 -0.0541226 -0.171175 -0.324893 -0.0552844 -0.0870926 
0.473923 -0.194178 0.317479 0.0166675 0.28611 0.329954 -0.107676 -0.653834 0.347138 -0.0240867 0.261529 0.039086 -0.577068 0.26793 -0.0740903 -0.0757111 -0.530402 -0.93248 0.119547 0.482725 
0.316601 0.0260012 0.16858 0.602759 0.199029 0.0530624 0.356267 -0.383703 0.158744 0.64023 0.44452 0.347954 -0.00710533 -0.586476 0.496405 0.220041 -0.90374 -0.540829 0.335927 0.405091 
0.260392 0.178238 0.0223304 -0.340813 -0.320599 0.791327 0.379377 0.328008 0.568415 -0.340819 -0.327474 -0.106131 -0.264878 -0.439484 0.173704 -0.147981 -0.285012 -0.320628 -0.7307 0.780614 
0.258059 0.735701 -0.218851 -0.632427 0.0839395 0.543225 0.436043 0.404458 -0.177789 0.438228 0.0184788 -0.0211289 0.295257 0.0937876 0.193925 0.0403891 -0.237028 -0.577768 0.357987 -0.440599 
0.272455 -0.270696 0.56105 0.169003 -0.0538182 0.596672 0.288789 -0.359252 -0.121797 0.308516 -1.04296 -0.177089 0.708874 -0.0404268 0.300461 0.257202 -0.630915 0.621816 -0.643359 -0.0136878 
-0.770246 0.26343 -0.133103 0.359114 -0.318644 0.654439 0.239641 0.0992896 0.202421 -0.414223 0.758116 -0.05058 -0.534849 0.336746 0.0582231 -0.028142 0.344268 0.378869 0.379685 0.553216 
-0.357209 0.318158 -0.218474 0.133244 -0.0790469 0.442721 0.25722 0.121316 0.187532 0.755405 -0.329765 0.71006 -0.731011 0.104943 -0.627394 0.196439 0.326583 0.1819 0.0194258 -0.11818 
0.256239 -0.126181 -0.509031 -0.0186722 -0.154091 0.28139 0.744604 -0.273395 0.293202 -0.0675751 -0.305004 -0.070508 0.5187 0.756964 -1.00698 0.0141886 -0.343086 0.416846 0.212411 0.358397 
0.589763 -0.310803 -0.621312 0.503109 0.218583 0.157456 -0.288979 -0.0410881 -0.463645 -0.103719 1.04544 0.359591 0.0469881 -0.611522 0.53436 -0.0888402 0.0561249 0.09724 -0.311689 1.14395 
0.218412 
-0.133289 
-0.0523606 
0.000644953 
-0.0681374 
0.12632 
0.0773412 
0.0395241 
-0.00159828 
0.238958 
0.0180178 
-0.0903769 
0.0241302 
0.059699 
0.0521786 
0.10325 
-0.142776 
0.0907539 
-0.424015 
-0.152379 
-0.132596 
0.0769414 
-0.0243005 
-0.125254 
0.216675 
-0.0294587 
-0.0761387 
-0.120072 
-0.184797 
-0.0706691 
-0.0567238 
-0.114546 
0.112405 
0.0693954 
-0.0129382 
0.0411542 
0.269186 
-0.0188201 
0.0458237 
-0.00632706 
0.457863 -0.176285 0.256186 -0.478467 -0.405185 0.21461 0.162566 -0.0309679 0.398922 0.567395 0.474712 0.453247 0.254026 -0.241369 0.275977 -0.224873 0.254263 -0.0715733 -0.357664 -0.142264 0.118061 -0.324253 -0.612942 -0.131072 -0.182287 0.0436063 0.20637 0.23327 0.256554 0.283845 0.236003 -0.0529689 0.53072 0.735546 -0.297266 0.294603 0.630707 0.0933119 -0.0582995 0.35392 
-0.530206 0.429096 -0.203676 -0.0944269 0.56021 0.334449 -0.272047 0.00273747 0.560222 -0.339806 -0.226353 0.368736 0.772521 -0.107296 0.306415 0.0732677 0.177689 0.0209283 0.274294 -0.213851 0.000584675 0.0974017 0.481602 -0.445524 0.424849 0.189834 -0.158488 0.0606885 0.381856 0.158787 -0.0281769 -0.20599 0.305724 -0.162862 0.215458 -0.409345 0.0808246 0.126594 0.0448457 -0.0110791 
0.101601 0.157246 -0.108522 -0.277476 0.365473 0.0684383 -0.165844 0.011073 -0.0940451 -0.132707 0.361447 -0.132646 0.00736152 0.186098 0.294771 -0.409968 0.639793 0.200724 0.292484 -0.271573 0.16317 -0.137605 0.12763 0.598178 -0.296778 0.129682 0.192281 0.418104 -0.0729098 0.00738113 0.390218 0.101944 0.283368 0.811424 0.275423 0.423707 -1.0714 0.506754 -0.155204 -0.378554 
0.19019 0.0913888 -0.188861 0.521052 -0.000322185 -0.409324 -0.366184 -0.489905 0.503992 -0.0263832 -0.152379 -0.369191 0.356383 0.347768 0.0807682 0.566225 -0.215157 -0.250042 -0.603135 -0.0799651 0.133715 0.511048 0.823823 0.502632 0.756549 -0.00935559 -0.0542404 -0.159735 0.23672 -0.224467 0.153761 -0.15788 0.318216 -0.591246 0.435003 0.28247 0.44757 0.287555 -0.30152 0.169052 
-0.916809 0.450536 0.59535 0.101356 0.161146 0.125663 -0.152771 -0.0300135 0.188995 -0.658441 0.0998674 0.49824 0.348126 -0.117886 0.400196 0.040222 0.435489 -0.156112 0.801959 0.225428 0.613483 -0.435529 0.161936 0.269431 -0.558088 -0.148505 -0.0373608 0.0816147 0.290949 0.155104 0.329805 0.168401 0.0315259 -0.195757 0.0556313 0.0823555 -0.356836 0.266132 0.324743 0.215053 
-0.0968792 0.268464 -0.153427 0.035076 0.0342345 -0.074622 0.248644 0.267417 0.361491 0.226262 0.266713 -0.0664252 0.405548 0.0198671 -0.0675779 0.179132 0.487035 0.331164 -0.108285 0.262699 0.313129 -0.313879 0.241695 0.550632 0.00728193 0.190286 -0.237936 0.0595877 -0.0525192 -0.0354535 0.260041 0.299509 0.367708 0.119004 0.089809 -0.41424 0.315393 0.00373449 -0.714919 0.597802 
0.411867 0.394162 0.850061 -0.188526 -0.0840531 0.264924 0.0644962 -0.054937 -0.466463 -0.182192 -0.0690444 -0.211386 -0.0442868 -0.224736 0.317811 -0.297372 0.0462437 -0.603729 0.667576 -0.280017 -0.175872 0.0264521 0.283806 -0.0856243 0.113113 0.263847 0.224055 0.398157 0.440028 0.342193 0.294765 0.463745 0.129658 -0.355269 0.455199 0.541132 0.0292089 0.308506 0.154228 -0.991836 
-0.178785 0.411103 0.524565 0.216997 0.114827 0.519539 0.533105 -0.245221 0.434488 0.126757 0.240984 0.641267 0.118438 0.894635 -0.171559 -0.190017 -0.452403 -0.314314 -0.0299409 0.271211 0.493427 0.54552 0.141681 0.494086 0.292676 0.0480952 0.317965 -0.178139 0.0416727 -0.547188 0.0391649 -0.40951 0.25181 0.249317 0.248836 -0.026928 -0.467686 -0.289747 0.178145 -0.667963 
0.229849 -0.017734 0.104894 0.398277 0.442135 0.697514 -0.0852395 0.562084 -0.127006 0.494078 0.775554 0.365134 -0.364564 0.187674 -0.288894 -0.247004 0.463822 0.763263 0.0103755 -0.271585 -0.137719 0.262759 -0.228079 -0.0408323 0.163093 -0.020933 0.0554891 -0.70559 0.0589445 0.255961 -0.110814 0.117351 -0.396332 0.432632 0.209867 0.0121402 0.126141 -0.158591 0.126605 0.587954 
0.160217 0.504132 0.052425 0.480052 -0.277224 0.0936659 0.555649 0.987378 -0.33962 0.298341 0.0789897 0.31906 0.159264 0.0144986 -0.320646 -0.338071 0.607041 0.727494 -0.105825 0.637338 -0.108575 -0.810978 -0.455248 0.986956 0.112912 0.14319 0.232266 -0.468809 0.394794 0.184504 0.354987 0.414641 -0.196391 0.490814 -0.0873174 -0.0481205 -0.125188 -0.383538 0.289008 0.0713816 
0.229335 -0.0518632 0.303245 0.282655 0.275277 0.515702 0.743263 -0.273202 -0.0914176 0.365212 0.708432 0.628851 0.145928 0.829719 -0.402765 -0.438738 -0.138695 -0.746886 0.446633 0.373438 0.239006 0.325879 0.12788 -0.0625838 -0.074032 -0.0880232 -0.0293402 0.00905292 -0.995824 0.224835 0.049765 -0.0730281 -0.0981878 -0.0983922 -0.0836665 0.297295 -0.0310785 -0.268992 0.348764 0.14761 
0.0509936 -0.378634 -0.184421 0.415879 -0.0186587 0.0156825 -0.26996 0.107617 -0.151471 -0.523056 0.383699 0.240009 -0.284818 0.839751 -0.321541 0.322486 0.0210349 0.741598 0.0270044 0.133864 -0.0550703 0.207187 -0.169305 0.212562 0.74883 -0.134944 0.387938 0.3956 -0.399087 0.0687148 -0.162652 0.0702518 0.770907 0.656525 0.0935653 -0.00421661 0.0764227 0.616343 0.348641 -0.0325399 
0.0288141 -0.454391 -0.0370869 -0.332953 0.445198 -0.542444 0.260351 -0.272684 0.448006 0.548178 0.365431 0.339177 0.401952 0.0502327 0.542764 -0.0620777 -0.186727 -0.0460232 0.293053 0.894677 0.303425 0.418634 0.349829 0.387142 -0.359536 0.421522 0.0389515 -0.180143 0.196963 0.253025 0.564703 -0.0226031 0.533497 -0.0870904 -0.497291 0.434586 0.10526 -0.511301 -0.277002 -0.27671 
0.150392 -0.015053 0.277871 -0.0493937 -0.253662 -0.392822 0.134174 -0.361226 0.142069 0.486214 0.305851 -0.359241 0.516337 0.441993 0.327881 0.579989 -1.15566 0.0214507 -0.226864 0.00589282 0.146944 0.228557 0.344789 0.443061 0.572213 -0.329334 0.0138957 -0.0819034 0.0276959 -0.146369 0.173561 -0.0755602 0.526042 0.101574 -0.0524187 0.428566 -0.177068 0.171416 -0.217873 0.371324 
0.485905 0.204084 0.0136279 0.866901 -0.00207463 -0.109104 -0.379885 0.0776165 -0.00931273 -0.0706606 0.609935 -0.272841 0.0338747 -0.230867 0.266228 0.614265 -0.127522 -0.159036 0.130038 -0.774462 0.187639 0.0386137 -0.0779918 0.287018 0.227885 0.178464 -0.1259 0.2765 0.152362 0.747749 0.497908 0.357944 -0.258565 0.147414 0.0471955 -0.174616 0.30032 0.305804 0.487463 -0.259869 
-0.432609 -0.123744 0.0543221 0.0730253 0.448056 0.429418 0.30836 0.243749 0.381478 0.297858 0.348981 0.158052 0.0603029 -0.48038 0.179324 -0.134445 0.155444 0.294828 0.305433 -0.404086 0.378456 -0.242874 -0.00491828 -0.363225 -0.0846223 0.118216 0.521076 0.389694 0.174958 0.40508 0.351881 0.200445 0.388546 -0.119648 0.481045 0.11236 0.064644 -0.431668 -0.51005 0.756332 
0.549933 0.530907 -0.207201 0.286736 0.448595 0.0862867 -0.65393 0.347106 -0.00800725 0.0623901 -0.360696 -0.317075 -0.743325 -0.477263 0.249395 1.05185 0.179132 -0.0175137 -0.0870829 0.0745172 0.482735 -0.419509 0.355163 -0.214051 -0.503417 0.0926959 0.414384 -0.103575 0.220671 0.644612 0.188358 -0.0954154 -0.435624 0.591423 0.00284327 0.254579 0.28078 0.419732 0.362483 -0.21849 
-0.155314 0.61999 0.102711 0.12292 0.418474 0.272646 -0.0496781 -0.401875 -0.159017 0.108355 0.493908 -0.0453501 0.425121 0.187795 0.61304 0.0102133 -0.130081 -0.128752 0.147676 -0.167231 0.217596 0.0498783 -0.0438393 0.134838 0.677747 0.366797 -0.183891 -0.143392 -0.0228166 0.178583 -0.306859 -0.573614 0.428987 0.259419 0.254764 0.293766 -0.210633 -0.0405767 -0.0327509 0.299228 
-0.0104699 0.418363 -0.264414 0.273564 0.113562 0.413774 0.152063 0.275739 0.804829 -0.0327647 0.420669 0.128959 0.373026 0.136 0.390576 -0.483581 0.459622 -0.268245 -0.0157859 0.471501 -0.787357 -0.323549 0.0788528 -0.352062 0.219976 0.0229094 0.0128762 -0.0689093 -0.0893469 0.274024 -0.0603543 0.953416 -0.354834 -0.0930081 0.42479 0.494084 0.0674584 -0.217482 0.46428 0.139091 
0.24517 0.219819 -0.241093 0.138743 -0.290975 0.48326 0.37665 0.303815 0.117857 0.274893 -0.468647 0.0432964 -0.375837 0.373776 -0.689956 0.648625 0.578207 0.690646 -0.376216 -0.330438 0.494086 0.356258 -0.0726267 -0.127928 -0.0590609 0.0138636 -0.691601 -0.0534149 0.317175 -0.0958185 0.226412 -0.143517 0.416551 -0.107313 -0.442915 0.117873 -0.200651 1.03433 -0.379204 0.511347 
0.423041 0.218997 -0.319733 0.190319 0.1864 0.652373 0.32535 0.16871 0.371449 0.0891023 0.249478 0.786059 -0.247422 0.0411364 0.316632 0.0850538 -0.270798 -0.0846335 -0.0348574 0.127164 -0.210504 0.458254 -0.0968521 0.136668 0.192206 0.11119 0.0223935 0.29853 0.189001 -0.240534 -0.748732 0.551087 -0.0640419 -0.325401 -0.44854 0.170575 0.234481 0.006829 0.214195 -0.30531 
0.468035 0.307659 -0.0395966 0.169629 0.128765 -0.157337 0.216324 0.384579 -0.335942 0.0460534 -0.238568 -0.191112 -0.0641643 -0.418643 0.616619 0.822917 0.147031 -0.138566 0.402823 0.135763 0.163143 0.293015 0.0833026 -0.233466 0.151219 0.125831 -0.343448 0.0190964 0.202107 -0.596692 -0.19099 0.00970344 0.0478783 0.248034 0.075024 -0.5176 0.463896 0.197689 -0.321981 0.342867 
0.397538 -0.463263 -0.197569 -0.157272 0.493536 -0.204338 0.623721 0.0586589 -0.11197 0.212297 -0.0842743 -0.149132 0.0503385 -0.287473 0.453196 0.321503 -0.468074 0.00946495 0.341708 0.422298 0.102862 0.607273 -0.0847668 -0.0401408 0.179373 0.165081 0.379346 0.243495 0.0968926 0.0438717 -0.295826 0.162052 0.145738 0.0791163 -0.0960469 -0.523095 0.346405 -0.0993977 -0.0620593 0.319323 
0.542674 0.476111 0.107246 0.146959 0.269639 1.0109 0.36664 -0.285381 -0.0718739 0.00923445 -0.0778274 0.0302682 -0.0237063 0.387861 -0.756241 0.558579 -0.0918413 -0.324949 -0.334152 -0.292425 -0.189076 0.092483 0.198582 0.000639267 0.186964 0.307178 -0.300703 -0.0771625 -0.575239 0.287676 0.506336 -0.39934 -0.760151 0.222323 0.762393 0.467235 0.200254 -0.217807 0.527634 0.909819 
-0.0386294 -0.669669 0.589269 -0.126163 -0.18778 0.197807 0.280019 0.684059 -0.0613663 -0.154924 -0.654946 0.359085 -0.257187 0.0288076 0.0462078 0.392353 0.522601 1.05624 0.386177 0.235796 0.406277 -0.0535925 0.313579 0.085092 0.144798 -0.0483399 0.544957 0.617569 0.163575 0.572894 0.147333 0.113834 -0.00951257 0.0660946 0.105452 -0.308033 0.083466 -0.374138 0.393771 0.357218 
0.00366277 0.491732 1.12843 0.020692 -0.789612 0.204966 -0.0948256 -0.323072 0.19497 -0.380957 -0.303631 0.079585 0.372257 0.217302 -0.274706 0.25507 0.284862 -0.018718 0.45125 0.592518 -0.894295 0.832448 0.0260026 -0.484824 0.612363 -0.0403533 0.454449 0.555471 -0.0952003 0.175034 -0.0956263 0.256312 -0.155153 -0.200074 -0.396721 -0.266017 0.324784 0.366735 0.390186 0.363187 
0.202046 
0.0470683 
-0.287322 
0.127489 
-0.310602 
-0.0165663 
0.065667 
-0.153651 
0.04559 
0.042586 
0.0144938 
0.170259 
-0.0687017 
0.102758 
0.129999 
-0.0763026 
-0.00855013 
0.205103 
-0.0155883 
-0.123882 
0.0321787 
-0.083685 
0.0251347 
0.142965 
-0.0521445 
-0.156342 
